73963
83769
06166
41152
49690
79773
16152
58826
07795
63059
24618
92472
66621
47065
33804
26839
26169
31793
43713
61928
86438
17243
06429
28126
02972
30964
12105
46392
33828
74411
68141
15019
15045
68218
74538
34007
46622
12386
31297
03355
28561
06914
38416
23064
60860
51804
95895
93134
43520
47054
03736
13565
76541
92665
61937
84356
59923
88637
70499
57011
51624
72276
18968
93836
93675
20623
74678
53705
60907
94150
53432
40890
53320
92857
59503
51120
70913
16745
88618
88666
13686
65813
45049
49256
81639
40062
24525
37163
74773
39491
31317
48114
93087
64100
61153
86382
36582
13890
18306
47694
05257
88860
98503
36322
99113
89011
06017
47995
18148
14342
36575
86984
62365
64853
94450
49017
31761
40545
75368
38367
26338
41417
83604
50762
46096
67470
14883
90472
91034
18702
73479
53227
61152
95116
55119
43299
56450
77612
60761
06931
17188
90465
26762
27147
89483
15908
06421
58885
75437
55009
97602
04282
73981
06701
02441
61200
84048
69915
18802
31777
06704
45719
48822
13876
43019
35181
90363
09633
91924
37233
45563
16913
52351
50808
12285
37851
25368
76973
92666
70310
12043
16796
84568
16429
11309
69209
90129
74069
22097
33144
07212
45367
45474
09670
37953
28188
82511
99853
80216
24667
32137
02627
36138
32668
93286
16924
03581
54327
67024
43810
84683
87508
54421
84354
77307
34348
54409
37489
83589
92710
65918
02146
01394
64730
90017
79393
32857
48272
27775
70298
75841
45472
78123
73794
32484
54195
39993
88811
00650
76576
14453
16419
82473
10479
02572
57685
75819
58040
03281
11542
82822
17123
15512
76920
01348
89865
40333
54889
33533
74128
78812
46516
77239
72050
29882
50733
34604
81494
92473
66472
03490
04597
67655
94801
86035
39221
56495
36789
80102
87504
57925
91367
87828
47309
70878
57467
07075
20772
96420
36157
39981
05757
35621
28505
84409
04401
87412
33444
42495
14566
50726
49905
12103
38390
26629
78955
95370
73736
16191
21665
90159
22741
18342
76964
98606
83267
32016
43786
18575
57452
83397
65856
80358
25836
03359
12925
53467
24985
29615
65221
31803
31497
62166
23812
17502
43235
99945
88698
09496
61269
45086
59880
07785
85598
96523
38424
11301
17290
53187
22196
22180
54209
17214
12262
39355
97423
87536
09692
62824
46933
64153
12349
91521
03805
47065
21301
27581
65905
35204
36548
69936
34299
30707
58090
18585
08989
32504
86995
72462
91042
39529
21128
33703
78321
53916
61555
01238
71896
74599
09346
75068
71766
01577
62363
54125
79000
34850
21676
40546
91460
73350
87284
33261
10215
19213
59186
32272
35266
71371
38453
36510
67679
28756
22946
48111
05320
93505
13734
66007
49256
64548
11885
90198
99486
41887
15264
19616
57080
25521
24937
56397
19901
14382
40906
99474
89018
10605
63169
48845
64429
13124
92796
03444
47203
20870
27650
65405
35205
35980
68799
33662
29501
57384
17311
08214
30093
85083
71050
87993
38047
19078
31084
75135
51229
58299
97414
68572
70706
04884
70038
68304
96478
57764
50026
73263
29613
15871
35240
85586
67975
81341
26750
04203
12633
53106
25623
29116
63585
31166
29723
59256
21901
15521
40118
96759
85443
05104
56808
40557
55281
02049
79793
90650
31414
05290
10142
45970
14910
13757
45717
08653
03632
29588
87588
77631
98651
51714
36821
52905
99964
80135
91282
33405
08640
14851
52038
21269
22543
54794
19089
15427
42742
02100
92435
15881
69235
55702
73144
21562
03092
14530
59080
34606
42176
80721
51311
53945
87555
53208
50906
79579
39228
31990
55727
10440
98266
17067
66844
48665
62530
07371
84255
93184
33089
05038
07962
43999
09943
09000
39032
00040
94161
18189
75329
63445
83605
34741
17921
33145
79345
57589
67876
09140
81379
86731
23059
90362
90777
22169
84536
78947
05402
62833
52308
73827
26322
10861
26376
75003
53537
65184
07807
81405
88116
24734
94464
95171
27921
91647
87417
15231
74021
64855
87733
41587
26417
44358
93276
73170
86175
30157
05114
12116
51161
21182
23247
57357
22442
19571
47676
08893
00018
24255
79467
65656
84957
34165
16486
29782
75123
51439
59799
00204
71584
75008
10476
76920
74340
04872
66380
58864
84460
41031
28579
48170
99806
82417
97073
43772
21447
31167
71862
45669
49384
86211
54014
52793
84684
46483
41393
67280
25211
14117
35068
88062
72033
88047
36105
15140
25150
68272
42370
47444
85630
54792
54930
87111
51337
46539
73784
33074
23339
45649
98934
85332
01637
51054
31447
42816
87297
61686
69187
07664
78185
79682
13222
78807
75368
03972
64621
56245
78845
34558
21246
38910
89687
71439
84167
28939
05754
13546
53382
25262
28118
63017
28893
27880
56776
18783
11767
35726
92797
79776
99867
50934
34045
48132
94263
72438
81589
22784
96022
00237
35428
03730
03009
33263
96629
90972
16290
73652
63058
83440
35866
20336
35782
83272
61737
73315
14801
89399
94972
31521
01183
00752
33434
97091
92792
19469
78190
68955
90696
44481
30310
47115
94896
75788
87657
30502
06458
13391
51299
21251
23248
56220
21236
18296
46332
06412
97468
21636
75712
62900
81064
30203
12455
24615
69886
46134
54425
93692
65004
68359
02690
69065
67484
96879
57250
50733
75192
30627
19173
38696
89195
71737
86324
31886
09493
19143
59769
32439
36085
72844
39510
39288
70042
31771
26613
51363
09225
98062
18944
70802
54703
70649
17570
96535
07545
49530
22491
28564
65613
33638
34775
66888
29976
25109
52286
10439
00635
22876
76092
61353
77589
26937
06193
18562
61906
36226
43658
80998
51450
52878
86349
50797
47289
75824
35336
26891
50491
05066
90618
09281
58920
39535
53262
97966
73644
81367
21134
91877
94664
29495
95301
93152
21978
83917
75763
00722
56656
43566
63589
13519
96561
10579
56641
33679
42761
83886
55988
60134
96324
63489
61631
92884
55114
48319
74636
31929
20199
40512
92869
76202
91579
39000
17397
27837
69254
43783
48219
85768
54293
53793
86405
48926
44558
71166
29818
19447
41119
94835
79527
96262
45042
24798
35530
79374
54193
59989
98896
68780
69639
02542
67490
63413
91380
51391
42378
65409
19416
06535
23562
73701
54815
66906
12109
87219
95441
34640
05882
08101
42363
08669
05951
35277
96647
88993
12315
68749
56159
74545
26042
08516
21966
67459
44997
53510
94067
66669
70246
05867
72464
72173
01790
64519
58224
82905
40698
28398
49211
01000
84832
99641
46493
25390
35262
77178
51139
56075
91987